SpriteVersion 1
1 0 0
0
82
hose00 135 0
hose01 136 0
hose02 137 0
hose03 138 0
hose04 139 0
hose05 140 0
hose06 141 0
hose07 142 0
hose08 143 0
hose09 144 0
hose10 145 0
hose11 146 0
hose12 147 0
pmrph00 148 0
pmrph01 149 0
pmrph02 150 0
pmrph03 151 0
pmrph04 152 0
pmrph05 153 0
pmrph06 154 0
pmrph07 155 0
pmrph08 156 0
pmrph09 157 0
pmrph10 158 0
pmrph11 159 0
pmrph12 160 0
pump00 161 0
pump01 162 0
pump02 163 0
pump03 164 0
pump04 165 0
pump05 166 0
pump06 167 0
pump07 168 0
pump08 169 0
pump09 170 0
pump10 171 0
bpsuck01 172 0
bpsuck02 173 0
bpsuck03 174 0
bpsuck04 175 0
bpsuck05 176 0
bpsuck06 177 0
bpsuck07 178 0
bpsuck08 179 0
bpsuck09 180 0
bpsuck10 181 0
bpsuck11 182 0
bpsuck12 183 0
bpsuck13 184 0
bpsuck14 185 0
bpsuck15 186 0
bpsuck16 187 0
bpsuck17 188 0
bpjmp00 189 0
bpjmp01 190 0
bpjmp02 191 0
bpjmp03 192 0
bpjmp04 193 0
bpjmp05 194 0
bpjmp06 195 0
bpjmp07 196 0
bpjmp08 197 0
bpjmp09 198 0
bpjmp10 199 0
bpjmp11 200 0
bpjmp12 201 0
bpjmp13 202 0
bpjmp14 203 0
bpjmp15 204 0
bpjmp16 205 0
bpjmp17 206 0
bpjmp18 207 0
bpjmp19 208 0
bpjmp20 209 0
presuck 440 0
mhpwt01 1099 0
mhpwt02 1100 0
mhpwt03 1101 0
mhpwt04 1102 0
mhpwt05 1103 0
mhpwt06 1104 0
11
0 1 0
BMP 0 80 48 80 -58 -4 1078 3840 0 13
1 26 23
BMP 0 60 48 80 -58 -4 1078 3840 0 13
BMP 0 60 49 81 -59 -4 1078 4212 0 14
BMP 0 60 50 81 -58 -4 1078 4212 0 15
BMP 0 60 48 81 -58 -4 1078 3888 0 16
BMP 0 60 50 81 -58 -4 1078 4212 0 17
BMP 0 60 51 83 -59 -4 1078 3308 1 18
BMP 0 60 52 83 -58 -4 1078 3426 1 19
BMP 0 60 52 84 -58 -3 1078 3424 1 20
BMP 0 60 52 84 -57 -3 1078 3442 1 21
BMP 0 60 52 85 -57 -3 1078 3480 1 22
BMP 0 60 53 86 -56 -3 1078 4816 0 23
BMP 0 60 55 87 -56 -3 1078 3756 1 24
BMP 0 60 55 87 -55 -3 1078 4872 0 25
BMP 0 100 55 87 -55 -3 1078 4872 0 0
BMP 0 100 55 87 -55 -3 1078 4872 0 1
BMP 0 100 55 87 -55 -3 1078 4872 0 2
BMP 0 100 57 87 -55 -3 1078 5220 0 3
BMP 0 100 63 87 -48 -3 1078 4330 1 4
BMP 0 100 74 87 -37 -3 1078 4444 1 5
BMP 0 100 72 87 -38 -3 1078 4374 1 6
BMP 0 100 77 87 -34 -3 1078 4488 1 7
BMP 0 100 88 87 -23 -3 1078 4392 1 8
BMP 0 100 100 87 -11 -3 1078 4402 1 9
BMP 0 100 104 87 -7 -3 1078 4476 1 10
BMP 0 100 104 87 -7 -3 1078 4386 1 11
BMP 0 100 104 87 -7 -3 1078 4386 1 12
2 26 25
BMP 0 100 104 87 -7 -3 1078 4386 1 12
BMP 0 100 104 87 -7 -3 1078 4386 1 11
BMP 0 100 104 87 -7 -3 1078 4476 1 10
BMP 0 100 100 87 -11 -3 1078 4402 1 9
BMP 0 100 88 87 -23 -3 1078 4392 1 8
BMP 0 100 77 87 -34 -3 1078 4488 1 7
BMP 0 100 72 87 -38 -3 1078 4374 1 6
BMP 0 100 74 87 -37 -3 1078 4444 1 5
BMP 0 100 63 87 -48 -3 1078 4330 1 4
BMP 0 100 57 87 -55 -3 1078 5220 0 3
BMP 0 100 55 87 -55 -3 1078 4872 0 2
BMP 0 100 55 87 -55 -3 1078 4872 0 1
BMP 0 100 55 87 -55 -3 1078 4872 0 0
BMP 0 60 55 87 -55 -3 1078 4872 0 25
BMP 0 60 55 87 -56 -3 1078 3756 1 24
BMP 0 60 53 86 -56 -3 1078 4816 0 23
BMP 0 60 52 85 -57 -3 1078 3480 1 22
BMP 0 60 52 84 -57 -3 1078 3442 1 21
BMP 0 60 52 84 -58 -3 1078 3424 1 20
BMP 0 60 52 83 -58 -4 1078 3426 1 19
BMP 0 60 51 83 -59 -4 1078 3308 1 18
BMP 0 60 50 81 -58 -4 1078 4212 0 17
BMP 0 60 48 81 -58 -4 1078 3888 0 16
BMP 0 60 50 81 -58 -4 1078 4212 0 15
BMP 0 60 49 81 -59 -4 1078 4212 0 14
BMP 0 60 48 80 -58 -4 1078 3840 0 13
3 11 10
BMP 0 100 104 87 -7 -3 1078 4366 1 26
BMP 0 100 103 109 -7 -4 1078 4900 1 27
BMP 0 100 101 128 -8 -4 1078 5706 1 28
BMP 0 100 100 100 -7 -3 1078 4872 1 29
BMP 0 100 99 72 -7 -3 1078 3638 1 30
BMP 0 100 102 61 -7 -5 1078 3962 1 31
BMP 0 100 102 61 -8 -5 1078 4040 1 32
BMP 0 100 104 67 -7 -4 1078 3614 1 33
BMP 0 100 103 97 -7 -4 1078 4446 1 34
BMP 0 100 102 98 -7 -4 1078 4346 1 35
BMP 0 100 104 83 -7 -2 1078 4072 1 36
4 17 16
BMP 0 80 104 87 -7 -3 1078 4394 1 37
BMP 0 80 104 77 -7 -3 1078 3842 1 38
BMP 0 80 104 88 -7 -3 1078 4220 1 39
BMP 0 80 101 124 -8 -3 1078 5094 1 40
BMP 0 80 102 147 -7 -3 1078 6118 1 41
BMP 0 80 101 166 -8 -3 1078 6052 1 42
BMP 0 80 102 157 -7 -2 1078 5522 1 43
BMP 0 80 101 153 -8 -4 1078 6192 1 44
BMP 0 80 102 153 -6 -4 1078 6442 1 45
BMP 0 80 104 146 -7 -3 1078 6654 1 46
BMP 0 80 102 134 -7 -3 1078 6342 1 47
BMP 0 80 101 123 -8 -4 1078 5894 1 48
BMP 0 80 100 100 -7 -3 1078 4816 1 49
BMP 0 80 104 85 -7 -2 1078 4260 1 50
BMP 0 80 104 96 -6 -2 1078 4728 1 51
BMP 0 80 104 83 -7 -2 1078 4146 1 52
BMP 0 80 104 87 -7 -3 1078 4396 1 53
5 3 0
BMP 0 100 104 87 -7 -3 1078 4476 1 10
BMP 0 100 104 87 -7 -3 1078 4386 1 11
BMP 0 100 104 87 -7 -3 1078 4386 1 12
6 21 0
BMP 0 80 55 87 -55 -3 1078 4872 0 54
BMP 0 80 55 89 -55 -2 1078 4984 0 55
BMP 0 80 57 79 -55 -3 1078 3486 1 56
BMP 0 80 60 65 -54 -3 1078 2998 1 57
BMP 0 80 64 58 -52 -2 1078 2742 1 58
BMP 0 80 58 88 -55 -3 1078 3486 1 59
BMP 0 80 58 111 -55 -4 1078 3712 1 60
BMP 0 80 55 145 -56 -5 1078 4328 1 61
BMP 0 80 51 157 -56 -7 1078 4254 1 62
BMP 0 80 51 149 -55 -8 1078 4706 1 63
BMP 0 80 57 132 -54 -22 1078 4742 1 64
BMP 0 80 58 111 -53 -47 1078 4842 1 65
BMP 0 80 57 121 -53 -28 1078 5148 1 66
BMP 0 80 55 141 -53 -6 1078 5462 1 67
BMP 0 80 55 132 -54 -5 1078 4742 1 68
BMP 0 80 60 105 -53 -1 1078 4214 1 69
BMP 0 80 68 67 -50 -2 1078 3016 1 70
BMP 0 80 57 87 -55 -3 1078 3910 1 71
BMP 0 80 55 94 -55 -2 1078 4076 1 72
BMP 0 80 55 81 -55 -2 1078 3438 1 73
BMP 0 80 55 87 -55 -3 1078 4872 0 74
7 1 0
BMP 0 0 105 109 -7 -3 1078 4836 1 75
8 1 0
BMP 0 0 104 87 -7 -3 1078 4386 1 12
9 4 0
BMP 0 150 53 86 -56 -3 1078 4816 0 23
BMP 0 150 55 87 -56 -3 1078 3756 1 24
BMP 0 150 53 86 -56 -3 1078 4816 0 23
BMP 0 150 55 87 -56 -3 1078 3756 1 24
10 16 0
BMP 0 120 104 87 -7 -3 1078 4382 1 76
BMP 0 120 104 91 -7 -3 1078 4362 1 77
BMP 0 120 104 87 -7 -3 1078 4382 1 78
BMP 0 120 104 87 -7 -3 1078 4366 1 79
BMP 0 120 104 87 -7 -3 1078 4368 1 81
BMP 0 120 104 87 -7 -3 1078 4382 1 76
BMP 0 120 104 91 -7 -3 1078 4362 1 77
BMP 0 120 104 87 -7 -3 1078 4382 1 78
BMP 0 120 104 87 -7 -3 1078 4366 1 79
BMP 0 200 104 87 -7 -3 1078 4372 1 80
BMP 0 120 104 87 -7 -3 1078 4368 1 81
BMP 0 120 104 87 -7 -3 1078 4382 1 76
BMP 0 120 104 91 -7 -3 1078 4362 1 77
BMP 0 120 104 87 -7 -3 1078 4382 1 78
BMP 0 120 104 87 -7 -3 1078 4366 1 79
BMP 0 120 104 87 -7 -3 1078 4368 1 81
